534797
537552
476042
526340
478383
534944
460931
549569
479975
481973
537243
541682
471643
550105
480033
538995
461365
528259
497175
546731
506321
550223
535770
539222
467641
545012
547208
476421
536062
545119
499314
547439
533387
507010
536272
539526
463333
468570
499319
533389
507356
536330
481362
530963
473174
533466
507713
477124
536535
481363
519358
464456
473326
533511
509591
513863
481591
540157
469349
531117
533716
552985
536657
540158
525850
545498
531263
473650
509999
514729
458211
540484
464982
495375
469585
531272
473922
547586
510018
478350
553612
536921
515475
540717
500780
473925
510267
515481
458958
532079
500844
474251
534902
510269
515741
459736
521041
466691
546344
532496
501216
475174
484454
521244
489107
467074
527578
537637
484820
467226
544888
546456
532835
517297
484933
528003
471958
535481
511621
486360
546726
532961
475571
511642
461742
533275
551345
519730
500012
499510
526946
467287
552042
540154
531041
487724
487790
478261
519840
500319
540114
496338
539458
525408
550797
488128
548525
544825
522661
511786
472692
476659
480886
487502
473595
490636
517782
486415
467297
544939
472241
480726
518029
486976
506478
462192
513386
518624
487481
525484
492745
529434
476723
518958
513422
543756
525680
469348
552446
536544
543977
494215
509703
482074
519810
544095
494690
547582
553329
482413
487850
544240
482478
544433
548338
495568
471282
545913
537508
541096
495987
549165
510608
515995
460927
496053
546439
510624
479033
521416
527749
501517
475547
549187
511523
537990
460948
541844
538378
542862
522609
544933
496789
503304
492782
493965
489247
528228
457685
498170
458853
532982
543069
522720
480795
487332
472958
456783
545229
473024
457213
468919
477898
547556
478246
464850
469364
536786
519880
495510
545630
540931
520070
465650
544481
526514
478593
544680
471392
478594
541280
471617
501488
475299
535016
516006
489184
535304
544906
546574
475549
517500
528438
547445
543686
545237
457577
545474
514549
479439
467277
535760
521741
492140
518602
543391
545515
482626
532864
499664
525831
525489
464560
491981
512167
543086
492361
529281
513392
463869
499352
545242
547543
457943
534483
526063
488108
469895
531572
534810
515638
488918
532772
549168
537977
501708
461257
472157
467884
496283
543066
487575
465621
482516
550679
547464