1460442
1555655
1425982
1527804
1449634
1522787
1548197
1549976
1544895
1565910
1518375
1508484
1481888
1534156
1522951
1585843
1482197
1556079
1592167
1523013
1581748
1519940
1432414
1580152
1500850
1594729
1591488
1529707
1546343
1461307
1522422
1498460
1484173
1515448
1449934
1575828
1596207
1578045
1595420
1431637
1546488
1472421
1541670
1533543
1532291
1508527
1550223
1520150
1430516
1552217
1474904
1501722
1453559
1536851
1530311
1480588
1446811
1448552
1468524
1546228
1464947
1530119
1432202
1524266
1476495
1458365
1554755
1494332
1542933
1533040
1536211
1520062
1456918
1555302
1555966
1559340
1500533
1525574
1454956
1525960
1557374
1556941
1544548
1581579
1430622
1567108
1539027
1554405
1547439
1545677
1529202
1545878
1426866
1492188
1439002
1428538
1444440
1555392
1558640
1442075
1532054
1599607
1525118
1482640
1463048
1481409
1498942
1591869
1577319
1456054
1540821
1475694
1464016
1471363
1513341
1551223
1588921
1516867
1513336
1576113
1491742
1544541
1570038
1554831
1486887
1558390
1568728
1531346
1576690
1529407
1599006
1552186
1596784
1579437
1500326
1535537
1563063
1557807
1549338
1423261
1514985
1579028
1545889
1482289
1493497
1478754
1565365
1521992
1534937
1421481
1458589
1529892
1457030
1464243
1546298
1428947
1514528
1482415
1473732
1558276
1421706
1479853
1522488
1523611
1438134
1443803
1509316
1544974
1577505
1426171
1594381
1459670
1580738
1492034
1493708
1533317
1462412
1431209
1440313
1428906
1521082
1438795
1523158
1545499
1438097
1580961
1553008
1555645
1499430
1435530
1477402
1487978
1448282
1501311
1501482
1496050
1470341
1440215
1549394
1592444
1513850
1540972
1574569
1517577
1542104
1541771
1541775
1541681
1541972
1534555
1589207
1560881
1496284
1446832
1446401
1556976
1533630
1553594
1431728
1547566
1576553
1581822
1568501
1507661
1592057
1574031
1466199
1476437
1574392
1545177
1434357
1515769
1545557
1515021
1442551
1494199
1480131
1533159
1453814
1595652
1547209
1477853
1512745
1533491
1470499
1580358
1566697
1519144
1457351
1578516